 5.01677 4.10696 5.10361 6.88285 4.83476 3.4573 5.07111 4.62323 5.0615 5.68504 5.38698 5.04797 4.9361 5.90725 3.76709 4.13112 5.4204 4.76978 5.50166 4.83874
 4.15966 3.20276 4.73422 5.26107 4.14616 3.54314 4.33625 4.03351 3.55721 4.40365 4.33086 3.64186 4.37053 3.98613 3.00629 3.20379 4.927 3.74042 4.98059 4.37926
 5.4798 3.85356 5.02074 5.57538 4.2276 3.39174 4.56283 4.92935 4.16884 5.49559 5.31337 4.88111 4.79415 4.87305 4.39471 3.98029 5.02294 4.16322 4.75751 5.0045
 6.74725 5.27315 6.83836 7.24519 5.86496 4.83448 6.10278 5.96853 5.17166 6.04221 6.01673 5.61311 6.30486 6.18639 5.28918 4.65546 7.16007 5.09718 6.63311 6.74022
 6.69497 4.97486 6.495 7.34792 5.30177 4.36727 5.78691 6.14493 5.55046 6.7887 6.23455 5.82987 5.93781 6.79231 5.16125 4.47972 6.15405 5.28842 6.0261 6.66334
 4.76153 3.80427 4.10828 4.86346 3.3431 2.75252 4.38176 4.42845 3.79715 5.09812 4.19908 4.40139 4.55627 4.51482 4.46584 3.51541 4.00707 3.43293 4.86518 4.44698
 4.20922 3.20558 3.53464 4.54361 3.46176 2.90451 3.28495 3.74755 3.61084 4.6077 3.88008 3.72998 3.24317 3.51327 2.64088 3.25922 3.64492 2.66697 3.53465 4.78001
 6.13801 4.67962 5.39958 6.86352 4.9908 4.3176 5.07801 5.6544 4.85995 6.30068 5.74137 5.48625 5.50443 5.12907 4.78752 4.57614 5.43034 4.1714 6.0325 6.57322
 4.71644 4.2819 4.73778 6.05762 4.82261 3.51886 3.96968 4.22723 3.89402 4.65028 4.61623 4.27248 4.67169 5.28879 4.08117 4.04071 5.35457 3.90826 4.8902 4.78179
 4.90177 4.44277 4.93095 6.30878 4.98792 3.89562 4.01673 4.83588 4.04037 5.10234 4.94571 4.33929 4.38507 4.92348 3.40606 4.00946 5.55377 3.88357 4.70953 5.64779
 5.4211 4.7045 5.67041 6.98081 5.12162 4.32784 4.72296 5.02647 5.08879 6.49544 5.49903 5.56994 5.46202 5.47188 4.81045 4.85409 5.94796 4.59222 5.90192 6.06792
 6.26418 5.14416 5.82814 7.11614 5.51467 4.69592 5.35495 5.31957 5.14115 5.73072 5.71161 5.14127 5.57491 6.24864 4.68085 5.24343 6.34016 4.80232 6.15041 6.06889
 5.1142 4.13078 5.35839 6.31279 4.52124 3.49425 5.6952 5.36511 3.82219 6.05541 5.6676 5.36945 4.61115 5.33387 4.8816 4.65561 4.93868 4.78675 4.86467 5.72418
 4.00994 3.68356 4.5214 6.21593 4.18854 3.38553 3.6581 3.99565 3.77457 4.68203 4.18009 3.73012 4.5264 4.37374 3.29406 3.11507 4.94722 3.83679 4.62237 4.73995
 5.86547 4.23969 5.60503 6.2687 5.1933 3.92746 5.90826 5.18255 5.12248 5.72866 6.66134 5.9699 5.77798 5.86322 5.6061 5.27001 6.27753 5.19 5.98658 5.73393
 5.07752 3.9257 4.96691 5.2995 4.89328 3.63121 4.65339 4.75729 3.79076 4.95869 5.26196 4.63424 5.01513 4.80027 4.48755 3.76477 5.50655 3.89408 5.01555 5.29043
 3.72868 3.54439 4.05627 4.80492 3.55745 2.69769 4.06708 3.67383 3.05404 3.52377 3.46057 3.48486 4.24055 4.56072 3.88391 2.85052 4.46727 3.75972 4.60665 3.90125
 5.3976 4.19639 5.37152 5.36359 5.28684 4.32853 5.10136 4.72274 4.23792 4.83306 5.10782 4.47072 4.40956 5.36207 4.59386 4.16712 5.65119 4.08243 5.35767 5.17834
 4.63943 3.78174 4.41855 6.01574 3.8678 3.24979 4.21194 4.07631 4.68168 5.13572 4.81993 4.79511 4.73486 4.61007 4.0395 3.68808 5.06522 3.79731 5.22203 4.92833
 5.71876 4.59834 5.10839 7.49201 5.02732 3.692 5.16636 4.92194 5.65535 5.98389 5.51 4.95894 5.44955 6.38017 4.86455 4.56506 5.76549 4.99055 6.27042 4.85122
