 8.07676 11.8053 13.875 14.0179 12.7426 6.53383 8.79719 6.93516 8.18415 8.86442 8.65048 9.36047 8.18051 8.9875 5.82756 8.2759 2.15238 3.65921 3.55578 3.12103
 6.60227 9.46969 12.0369 10.6764 11.1539 5.77705 6.64061 6.68851 6.22668 7.41463 7.41127 6.63391 7.22891 6.04548 4.51973 6.85515 1.82689 2.03835 2.7659 2.71474
 8.60672 11.0342 13.3908 13.0997 12.1394 6.63007 7.69272 7.34905 6.8417 8.6419 8.46148 8.72118 8.52218 8.14603 6.43687 8.16415 1.50977 3.34621 3.13215 2.63624
 9.36663 13.4848 15.5887 15.4151 14.8342 7.20237 8.81485 8.88997 8.26912 9.54585 9.47137 9.12571 9.72851 9.09253 7.2043 8.27767 2.35735 3.2554 3.83199 3.56498
 5.06036 8.6372 9.31577 11.4677 10.7707 3.13007 4.48865 4.39565 4.39656 5.33717 5.15141 5.11973 5.07582 5.62095 4.40609 3.23096 1.18532 2.94213 2.31863 2.31073
 3.97154 6.78856 6.34158 8.61459 7.7528 1.8163 3.66292 3.4403 3.29993 4.1092 3.83563 3.96789 3.98245 3.79457 3.72059 2.80761 0.348927 1.99212 1.50215 1.15986
 2.684 5.8854 5.18316 6.26991 5.29077 1.77055 1.82399 2.16488 2.48708 3.08872 2.64927 2.94097 2.41985 2.60397 1.8269 2.04469 0.961616 1.60421 1.39371 1.50453
 4.32501 8.4059 7.81217 9.91732 9.04858 2.80127 3.08247 3.75234 3.48855 4.18401 4.15623 4.3717 4.39734 4.11779 3.48773 3.00677 0.869943 2.21832 1.60661 1.65789
 3.8524 8.20905 7.23654 8.8504 8.43197 2.61851 3.38434 3.32439 3.07801 3.64305 4.05476 3.71446 3.87041 4.44741 3.18601 3.08276 1.0046 1.69689 1.34003 1.67281
 3.87276 8.29749 7.72996 9.533 8.8405 3.03827 3.15958 3.66465 3.39766 4.1478 4.3493 3.91482 3.86918 4.16189 2.91269 3.26263 1.5957 2.24154 1.93441 2.4097
 3.8937 8.54428 8.60761 10.1669 9.92737 2.60539 3.25106 3.31893 3.82172 4.43591 4.42967 4.5019 4.13753 4.19596 3.11455 3.23721 1.33872 2.47759 2.05877 2.15716
 4.3554 8.91263 7.86931 9.24135 8.70802 3.06624 3.7219 3.39019 3.48568 3.65314 4.19066 3.98728 4.17923 4.84769 3.19435 3.40776 1.14304 1.78088 1.28119 1.80187
 3.41967 3.35172 3.97917 4.89639 3.15152 2.13409 3.98781 3.67243 2.40144 4.14464 4.14267 4.30481 3.48162 4.3199 3.63676 3.0955 1.80128 1.83868 1.02216 2.16504
 3.42921 3.25506 3.84332 5.72164 3.72074 2.75001 2.96236 3.31769 3.37405 3.87324 3.74285 3.33559 4.11357 3.99229 2.71716 2.57637 1.47827 1.32343 0.73418 1.69951
 3.99365 3.42236 4.21652 4.6995 3.61991 2.44725 4.39612 3.43953 3.28982 3.72579 4.98833 4.75486 4.29301 4.5071 4.09336 3.33512 1.09386 1.17047 0.70922 1.31056
 4.4827 3.39699 4.22604 5.05916 4.42348 2.93817 4.26576 4.01997 3.39273 4.30606 5.06555 4.35431 4.56314 4.16134 3.96604 3.22457 0.960153 0.888242 0.634167 1.09126
 6.07756 6.07127 7.8413 7.03489 0 0 0 0 0 0 0 0 0 0 0 0 1.78791 1.96101 1.82074 2.07102
 8.36499 7.18841 9.57825 7.77887 0 0 0 0 0 0 0 0 0 0 0 0 2.39511 2.4303 2.79235 2.65482
 7.56282 6.89632 8.99173 8.73487 0 0 0 0 0 0 0 0 0 0 0 0 1.93251 1.8441 2.29715 2.3401
 9.07168 8.49916 10.5917 10.962 0 0 0 0 0 0 0 0 0 0 0 0 2.28484 2.62653 2.67684 2.39703
