  0e+00  0e+00  0e+00  0e+00  0e+00  0e+00  0e+00  0e+00  4e-15  0e+00  0e+00  0e+00  0e+00  0e+00  0e+00  2e-15  0e+00  0e+00  2e-15  0e+00  0e+00 -4e-15  0e+00  0e+00  4e-15  0e+00  0e+00  0e+00  0e+00  0e+00  0e+00  0e+00  0e+00  2e-15  0e+00  0e+00  2e-15  0e+00  0e+00  2e-15  0e+00  0e+00 -2e-15  0e+00  0e+00  0e+00  2e-15  0e+00  0e+00  0e+00  2e-15  0e+00  0e+00  0e+00  0e+00  0e+00  0e+00  4e-15  0e+00 -2e-15  0e+00  0e+00 -4e-15
 -2e-15  0e+00  0e+00  2e-15  0e+00  0e+00  0e+00  2e-15  0e+00  0e+00  2e-15  0e+00 -2e-15  4e-15  2e-15 -2e-15  2e-15  0e+00  2e-15  0e+00  0e+00 -2e-15  0e+00 -2e-15  0e+00  2e-15  0e+00  4e-15  2e-15  0e+00  2e-15  0e+00 -2e-15  0e+00  0e+00  0e+00 -2e-15  2e-15  0e+00  0e+00  0e+00  0e+00  0e+00  0e+00 -2e-15  0e+00  0e+00  2e-15  0e+00  0e+00  0e+00  4e-15  0e+00  0e+00  0e+00  0e+00  0e+00  0e+00 -2e-15  0e+00  0e+00  0e+00  0e+00
  0e+00  0e+00  0e+00  2e-15  0e+00  0e+00  0e+00 -2e-15  0e+00  0e+00  0e+00  2e-15  0e+00  0e+00 -2e-15  0e+00  0e+00  0e+00  0e+00  0e+00  2e-15 -2e-15  2e-15 -2e-15 -2e-15  2e-15  0e+00  2e-15 -2e-15  0e+00  0e+00 -2e-15 -2e-15  2e-15  0e+00  2e-15  2e-15 -2e-15 -2e-15  2e-15  0e+00  0e+00  0e+00  2e-15  0e+00  2e-15 -2e-15  0e+00  0e+00  0e+00  0e+00  0e+00  0e+00 -2e-15  0e+00  0e+00  0e+00  2e-15  0e+00  0e+00  2e-15  0e+00  0e+00
 -2e-15  2e-15  0e+00  2e-15  0e+00 -2e-15  0e+00  0e+00  0e+00  2e-15 -2e-15  0e+00  0e+00  2e-15  2e-15  2e-15  0e+00  0e+00  0e+00  0e+00  0e+00  0e+00  0e+00  0e+00  0e+00  0e+00  0e+00  0e+00  4e-15  2e-15  0e+00  0e+00  0e+00  0e+00  0e+00  0e+00  0e+00  0e+00  2e-15  2e-15  2e-15  0e+00 -2e-15 -2e-15  0e+00  0e+00  0e+00  0e+00  0e+00  2e-15 -4e-15  2e-15  0e+00  0e+00  0e+00  0e+00  0e+00  0e+00  0e+00  0e+00 -2e-15  0e+00  2e-15
  0e+00 -4e-15  2e-15  0e+00  0e+00 -2e-15  0e+00  0e+00  0e+00  0e+00  4e-15  0e+00  0e+00  0e+00  0e+00  0e+00  0e+00 -2e-15  0e+00  2e-15  0e+00 -2e-15  0e+00  2e-15  0e+00  0e+00  0e+00  0e+00  0e+00  0e+00  0e+00  0e+00 -2e-15  0e+00  2e-15  0e+00  0e+00  4e-15  0e+00  2e-15  0e+00  0e+00  2e-15 -4e-15  0e+00 -2e-15 -2e-15 -2e-15  0e+00  0e+00  2e-15  0e+00 -2e-15 -2e-15  0e+00  0e+00 -4e-15  0e+00 -2e-15  0e+00  0e+00  2e-15  0e+00
 -4e-15  4e-15  0e+00  0e+00  0e+00  0e+00  0e+00  0e+00  4e-15  0e+00 -4e-15  0e+00  0e+00 -4e-15  0e+00  0e+00  0e+00  0e+00  0e+00  0e+00  0e+00 -4e-15  4e-15  0e+00 -4e-15  4e-15  0e+00  0e+00  0e+00  0e+00  0e+00  0e+00  0e+00  2e-15  0e+00 -4e-15  0e+00  0e+00  0e+00  4e-15  0e+00  0e+00  0e+00 -4e-15  0e+00  4e-15  0e+00  0e+00  0e+00  2e-15  2e-15  0e+00  2e-15  0e+00  0e+00  0e+00  0e+00 -4e-15  4e-15 -2e-15  0e+00  0e+00  0e+00
  2e-15  0e+00  0e+00  2e-15 -2e-15  0e+00  0e+00  0e+00 -2e-15  0e+00  0e+00  0e+00  0e+00  0e+00  0e+00  0e+00  0e+00  0e+00  0e+00  0e+00  2e-15  0e+00  0e+00  0e+00  4e-15  0e+00 -2e-15  0e+00 -4e-15  2e-15  0e+00  2e-15  0e+00 -4e-15 -2e-15  0e+00  0e+00  0e+00  2e-15  0e+00  0e+00  0e+00  0e+00  0e+00  2e-15  0e+00 -2e-15  2e-15  4e-15  2e-15  0e+00 -2e-15  2e-15  0e+00 -2e-15  0e+00  0e+00 -4e-15  0e+00  2e-15  0e+00  0e+00  4e-15
  0e+00  0e+00 -2e-15  0e+00 -2e-15  0e+00  0e+00  0e+00  2e-15 -4e-15  0e+00  0e+00  0e+00  0e+00  0e+00  0e+00  0e+00  0e+00 -2e-15  0e+00  2e-15  0e+00  0e+00 -2e-15  4e-15 -2e-15  0e+00  0e+00  0e+00 -2e-15  0e+00  0e+00  0e+00 -2e-15  2e-15  0e+00  0e+00  4e-15  0e+00  0e+00 -2e-15  0e+00  2e-15  4e-15  2e-15  4e-15  0e+00  0e+00  0e+00  2e-15  0e+00  0e+00  0e+00 -4e-15  0e+00  0e+00  0e+00  0e+00  0e+00 -2e-15  2e-15  0e+00  0e+00
  0e+00  2e-15  0e+00 -2e-15 -2e-15  0e+00  0e+00  0e+00  0e+00  0e+00  0e+00  0e+00  0e+00  0e+00 -2e-15  0e+00  0e+00  0e+00  0e+00 -2e-15  0e+00  2e-15  0e+00  2e-15  0e+00  0e+00  0e+00  0e+00  0e+00  0e+00  0e+00  0e+00  2e-15  0e+00 -2e-15  0e+00 -2e-15  0e+00  0e+00 -2e-15  0e+00  0e+00 -2e-15  0e+00  0e+00  0e+00  0e+00  0e+00  2e-15  0e+00 -2e-15  0e+00  0e+00  0e+00 -2e-15  2e-15  0e+00  0e+00 -2e-15  0e+00  2e-15  0e+00  0e+00
  0e+00  0e+00  0e+00  0e+00  2e-15  0e+00  0e+00  0e+00  0e+00  0e+00  0e+00  0e+00  0e+00  0e+00 -2e-15  0e+00  0e+00  4e-15  0e+00  0e+00 -2e-15 -2e-15  2e-15  2e-15  0e+00  0e+00  2e-15  0e+00  0e+00  2e-15  0e+00  2e-15 -2e-15  0e+00  0e+00  2e-15  0e+00 -4e-15  0e+00 -2e-15  2e-15  0e+00  0e+00  2e-15  0e+00  0e+00  0e+00  2e-15  0e+00  0e+00  0e+00  0e+00  0e+00 -4e-15  0e+00  4e-15  0e+00  2e-15  0e+00  0e+00  0e+00 -2e-15  0e+00
 -2e-15  0e+00  0e+00  0e+00  0e+00  0e+00  0e+00  0e+00  0e+00  0e+00  0e+00  0e+00  0e+00  4e-15  0e+00  0e+00  0e+00  0e+00  0e+00 -2e-15 -2e-15  0e+00  0e+00  4e-15  0e+00  0e+00 -4e-15  0e+00  0e+00  2e-15  0e+00  0e+00  0e+00  0e+00  0e+00  0e+00  4e-15  0e+00  0e+00  0e+00  0e+00  0e+00  0e+00  0e+00  2e-15  0e+00  2e-15  4e-15  0e+00  0e+00 -2e-15  0e+00  0e+00  0e+00  0e+00  4e-15  0e+00  0e+00  0e+00  4e-15  0e+00  0e+00  0e+00
  0e+00  0e+00  0e+00  0e+00  0e+00  0e+00  0e+00  0e+00  0e+00  0e+00  0e+00  4e-15  4e-15  0e+00 -2e-15  0e+00  2e-15  2e-15  0e+00  0e+00  0e+00  0e+00  2e-15  2e-15  4e-15  0e+00  0e+00  0e+00  0e+00 -2e-15  4e-15  0e+00  0e+00  0e+00 -2e-15  0e+00 -4e-15  0e+00 -2e-15  0e+00  0e+00 -4e-15  0e+00 -2e-15  2e-15 -2e-15  0e+00  0e+00  0e+00  0e+00  0e+00  0e+00  0e+00  0e+00  0e+00 -4e-15  0e+00  0e+00 -2e-15  0e+00  0e+00  0e+00  0e+00
  0e+00  0e+00  0e+00  0e+00 -2e-15  0e+00  4e-15  0e+00  0e+00  0e+00 -4e-15  0e+00  0e+00  4e-15  0e+00  0e+00  0e+00  0e+00  2e-15  0e+00  0e+00  4e-15  0e+00  0e+00  4e-15  0e+00  0e+00  0e+00  0e+00  0e+00  0e+00  4e-15  0e+00  0e+00  0e+00  0e+00 -4e-15  0e+00  0e+00  0e+00  0e+00  0e+00 -4e-15  0e+00  0e+00  0e+00  0e+00  0e+00  0e+00  0e+00  2e-15  0e+00 -2e-15  0e+00  0e+00  4e-15 -4e-15  0e+00 -2e-15  2e-15 -4e-15  0e+00  0e+00
  0e+00  0e+00  0e+00  0e+00  4e-15 -2e-15  0e+00  0e+00  0e+00 -4e-15  0e+00  0e+00 -7e-15  0e+00  0e+00  0e+00  2e-15  2e-15  0e+00  0e+00  0e+00  0e+00  2e-15  0e+00  0e+00  2e-15  2e-15  2e-15  0e+00 -2e-15  0e+00  0e+00 -2e-15  4e-15  0e+00  0e+00  0e+00 -4e-15  2e-15  2e-15 -4e-15  0e+00  0e+00  0e+00  0e+00  0e+00 -2e-15 -2e-15  0e+00  0e+00  0e+00  0e+00 -2e-15  0e+00  0e+00  0e+00  0e+00  0e+00  4e-15  2e-15  0e+00  0e+00  4e-15
  0e+00  0e+00  0e+00  0e+00  4e-15  4e-15  0e+00  0e+00  0e+00  0e+00  0e+00  0e+00  0e+00  0e+00  0e+00  0e+00  4e-15  0e+00  0e+00  0e+00 -4e-15  0e+00  4e-15 -4e-15 -4e-15  0e+00  4e-15  0e+00  0e+00  0e+00  0e+00  0e+00  0e+00  0e+00  0e+00  0e+00 -4e-15  0e+00  0e+00  0e+00  0e+00  4e-15  0e+00  0e+00  0e+00  0e+00 -4e-15  0e+00  4e-15  4e-15  0e+00  0e+00 -4e-15  0e+00  0e+00  0e+00  0e+00  0e+00  0e+00 -4e-15  0e+00  0e+00 -4e-15
  2e-15  0e+00  0e+00  0e+00  0e+00  0e+00 -4e-15 -2e-15  0e+00  0e+00  0e+00  0e+00  0e+00  7e-15  0e+00 -2e-15 -2e-15  0e+00  0e+00  0e+00  0e+00 -2e-15  2e-15  0e+00  0e+00  4e-15  0e+00  0e+00  4e-15  0e+00  0e+00  0e+00  0e+00 -2e-15  2e-15  0e+00  2e-15  0e+00  0e+00  0e+00  0e+00  0e+00 -2e-15  0e+00  0e+00  0e+00  4e-15  0e+00  0e+00 -2e-15  0e+00 -4e-15  0e+00 -2e-15 -4e-15  0e+00  0e+00 -2e-15  4e-15  0e+00  0e+00  2e-15  0e+00
  0e+00  0e+00 -2e-15  0e+00  0e+00  2e-15  0e+00  4e-15  0e+00  4e-15  2e-15  2e-15  0e+00  0e+00  0e+00  0e+00  0e+00  0e+00  0e+00  4e-15 -2e-15 -2e-15  0e+00  0e+00  0e+00  0e+00  0e+00 -2e-15  0e+00  4e-15  2e-15  0e+00  0e+00  0e+00  0e+00  0e+00 -2e-15  0e+00  0e+00  0e+00  2e-15  0e+00 -4e-15 -2e-15  2e-15  0e+00  2e-15  2e-15  0e+00  0e+00 -2e-15  0e+00  2e-15  0e+00  0e+00  0e+00  0e+00  0e+00 -2e-15  0e+00  0e+00  0e+00  0e+00
  0e+00  0e+00 -4e-15  4e-15  0e+00 -2e-15  0e+00  0e+00  0e+00  0e+00  0e+00 -4e-15  0e+00  0e+00  0e+00 -4e-15  0e+00  0e+00  0e+00  0e+00  0e+00  7e-15 -2e-15 -4e-15 -4e-15 -4e-15  0e+00  0e+00  0e+00  0e+00  0e+00  0e+00  0e+00 -2e-15  0e+00  2e-15  0e+00  0e+00  0e+00 -4e-15  0e+00  4e-15  0e+00  0e+00  0e+00 -4e-15  0e+00 -4e-15  0e+00  4e-15  0e+00  0e+00  0e+00  0e+00  0e+00  4e-15  0e+00  0e+00  0e+00 -2e-15  0e+00  0e+00  0e+00
  4e-15  4e-15  4e-15  0e+00  0e+00  2e-15  4e-15  0e+00 -4e-15  0e+00  0e+00 -7e-15  0e+00  0e+00  0e+00  4e-15  2e-15 -2e-15  0e+00  0e+00  2e-15  4e-15  2e-15  0e+00  0e+00  0e+00  0e+00  0e+00  0e+00  0e+00  0e+00 -4e-15  0e+00  0e+00  0e+00 -2e-15  0e+00  0e+00  0e+00  0e+00  0e+00  0e+00  2e-15  0e+00 -4e-15  0e+00  0e+00  0e+00  0e+00  0e+00  4e-15  4e-15 -2e-15  0e+00  0e+00  0e+00  0e+00  0e+00  0e+00  2e-15 -4e-15  0e+00  0e+00
  4e-15  0e+00  0e+00  0e+00  4e-15  0e+00 -4e-15  0e+00  0e+00  0e+00  0e+00  0e+00  0e+00  0e+00  0e+00  0e+00  0e+00  4e-15  0e+00  0e+00  0e+00  0e+00 -4e-15  0e+00  0e+00  0e+00  0e+00 -4e-15 -4e-15 -2e-15  0e+00  0e+00  0e+00 -2e-15  0e+00  4e-15  0e+00  0e+00  0e+00  0e+00  0e+00  0e+00 -2e-15  0e+00  0e+00 -4e-15  0e+00 -4e-15  0e+00  0e+00  2e-15  0e+00  0e+00  4e-15  0e+00  0e+00  0e+00  0e+00  0e+00  2e-15  0e+00  0e+00  0e+00
  2e-15  0e+00  0e+00  0e+00  0e+00  0e+00  0e+00  0e+00  4e-15  0e+00  2e-15 -4e-15  0e+00  4e-15  0e+00  0e+00  0e+00  0e+00  0e+00  0e+00  2e-15  0e+00 -2e-15  0e+00  0e+00  2e-15  0e+00  2e-15 -2e-15 -2e-15 -2e-15 -2e-15  0e+00  0e+00  0e+00  0e+00  0e+00  2e-15  0e+00  0e+00  2e-15  0e+00  2e-15  0e+00  0e+00  0e+00 -2e-15  0e+00  0e+00  0e+00  0e+00  0e+00  0e+00 -2e-15 -2e-15  0e+00  0e+00  0e+00  0e+00  0e+00  2e-15  0e+00 -2e-15
  0e+00  2e-15  0e+00  0e+00 -2e-15  2e-15 -4e-15  0e+00  0e+00  2e-15  0e+00 -2e-15  4e-15  0e+00 -2e-15  0e+00  0e+00  0e+00  0e+00  0e+00  0e+00  0e+00  0e+00  2e-15 -4e-15  0e+00 -2e-15 -2e-15 -2e-15  2e-15  0e+00  0e+00  0e+00 -4e-15 -2e-15  0e+00  0e+00  0e+00 -2e-15  0e+00 -2e-15  5e-15  0e+00  0e+00  0e+00 -2e-15  2e-15 -2e-15  0e+00  0e+00  0e+00  0e+00  0e+00  2e-15  2e-15  0e+00  2e-15  0e+00  0e+00  0e+00  2e-15  0e+00  0e+00
  2e-15  0e+00  0e+00  0e+00 -4e-15  0e+00  0e+00  0e+00 -4e-15  0e+00  0e+00  0e+00  0e+00  0e+00  0e+00  0e+00  0e+00 -2e-15  0e+00  0e+00  0e+00  0e+00  0e+00  0e+00 -4e-15  0e+00  4e-15 -4e-15  0e+00  0e+00 -4e-15  0e+00  0e+00  2e-15  0e+00  0e+00  0e+00  4e-15 -2e-15  2e-15  0e+00 -7e-15  0e+00  0e+00  0e+00  0e+00  0e+00 -2e-15  0e+00 -4e-15  0e+00  0e+00  4e-15  0e+00 -4e-15  4e-15 -4e-15 -4e-15  0e+00  0e+00  0e+00  0e+00  0e+00
  0e+00  0e+00 -4e-15 -2e-15 -2e-15  0e+00  0e+00  0e+00  0e+00  0e+00  4e-15  0e+00  0e+00  4e-15  4e-15  0e+00  0e+00  0e+00  0e+00 -2e-15  0e+00  0e+00  2e-15  0e+00 -4e-15 -2e-15  0e+00  0e+00 -4e-15  2e-15 -4e-15  0e+00  4e-15  0e+00 -2e-15  2e-15  0e+00 -4e-15  0e+00  2e-15 -4e-15  0e+00  2e-15  0e+00  0e+00 -2e-15  0e+00  0e+00  0e+00  0e+00  0e+00  0e+00  0e+00  0e+00 -2e-15 -4e-15  0e+00 -4e-15  0e+00  0e+00  0e+00 -2e-15  0e+00
  2e-15  0e+00  0e+00  2e-15  4e-15 -2e-15  0e+00  0e+00  0e+00  0e+00  0e+00 -4e-15  0e+00  4e-15  0e+00  2e-15  0e+00  0e+00  0e+00  2e-15  0e+00  0e+00  0e+00  0e+00  0e+00  0e+00  0e+00  0e+00  0e+00 -2e-15  0e+00  0e+00  0e+00  2e-15  0e+00  0e+00  0e+00  0e+00  2e-15  0e+00  0e+00  0e+00  0e+00  0e+00  0e+00 -2e-15  0e+00  0e+00  0e+00 -2e-15  0e+00  0e+00 -2e-15  0e+00 -4e-15 -4e-15  0e+00  0e+00  0e+00  0e+00  0e+00  0e+00 -4e-15
 -2e-15  0e+00 -2e-15  2e-15  0e+00  0e+00  0e+00  4e-15  0e+00  0e+00 -2e-15  0e+00  0e+00  0e+00  0e+00  0e+00  0e+00  2e-15  0e+00  0e+00 -2e-15  0e+00 -2e-15 -2e-15  0e+00  0e+00  0e+00  0e+00  0e+00  2e-15  0e+00  0e+00  0e+00  0e+00  4e-15 -2e-15  0e+00  0e+00  0e+00  0e+00  0e+00 -2e-15  0e+00  0e+00  0e+00  4e-15  2e-15 -2e-15  0e+00  0e+00  2e-15 -2e-15  0e+00  0e+00  0e+00  2e-15  0e+00  2e-15  2e-15  0e+00  0e+00  0e+00  0e+00
  0e+00  0e+00  0e+00  0e+00 -2e-15  0e+00 -4e-15  0e+00  0e+00  0e+00  0e+00  0e+00  0e+00  0e+00 -2e-15  0e+00  0e+00  0e+00  0e+00 -2e-15  0e+00  0e+00 -2e-15  0e+00  0e+00  2e-15  0e+00  0e+00  0e+00  0e+00  0e+00  0e+00  0e+00  0e+00  0e+00  0e+00  0e+00  0e+00 -4e-15  0e+00 -4e-15  0e+00  0e+00  0e+00  0e+00  0e+00  2e-15 -2e-15 -4e-15  0e+00  0e+00  0e+00  2e-15  0e+00  0e+00  0e+00  0e+00  0e+00  0e+00  0e+00  0e+00 -2e-15  0e+00
  0e+00  0e+00  2e-15  0e+00  0e+00  0e+00  0e+00 -2e-15  0e+00  0e+00  0e+00  0e+00 -4e-15  0e+00  0e+00  0e+00  0e+00  0e+00  0e+00  0e+00  2e-15  0e+00  0e+00  0e+00  0e+00  0e+00  2e-15 -2e-15  0e+00  0e+00  0e+00  0e+00  2e-15 -2e-15  2e-15  4e-15  0e+00  0e+00 -2e-15  2e-15  2e-15  0e+00  2e-15  0e+00 -2e-15  0e+00  0e+00  2e-15  0e+00 -2e-15  0e+00 -2e-15  0e+00  0e+00 -2e-15  0e+00  0e+00 -4e-15  0e+00  0e+00  0e+00  0e+00  0e+00
  0e+00  0e+00  0e+00  0e+00  0e+00  0e+00  4e-15  0e+00  0e+00  0e+00  0e+00  0e+00 -4e-15  0e+00  0e+00  0e+00  2e-15  2e-15 -2e-15  0e+00  0e+00  0e+00 -4e-15  0e+00  0e+00  0e+00  0e+00 -2e-15  0e+00  0e+00  4e-15 -4e-15  0e+00  2e-15  0e+00  0e+00 -4e-15 -4e-15  0e+00  0e+00  0e+00  0e+00  0e+00 -4e-15  0e+00  0e+00 -2e-15  0e+00  0e+00  0e+00 -4e-15  0e+00  0e+00  0e+00  0e+00  0e+00  0e+00  0e+00  7e-15  0e+00  0e+00  0e+00  0e+00
 -2e-15  0e+00  0e+00  0e+00  0e+00  0e+00  0e+00  0e+00  0e+00  0e+00  0e+00  0e+00  0e+00  0e+00  0e+00 -4e-15  2e-15  0e+00  0e+00  0e+00  0e+00  0e+00 -2e-15  0e+00  4e-15  4e-15  2e-15  2e-15  0e+00  0e+00  0e+00  0e+00  0e+00  0e+00  0e+00  0e+00  0e+00  0e+00  0e+00  0e+00  0e+00 -2e-15  0e+00  2e-15  0e+00 -2e-15  0e+00  0e+00 -4e-15 -4e-15  2e-15  0e+00  0e+00 -2e-15  0e+00  4e-15  0e+00  0e+00  0e+00  2e-15  0e+00 -2e-15  4e-15
  0e+00  4e-15  0e+00  0e+00  4e-15  0e+00  0e+00  4e-15 -4e-15  0e+00  0e+00  0e+00  0e+00  0e+00  0e+00  0e+00  4e-15  0e+00 -4e-15  0e+00  0e+00  0e+00  0e+00  0e+00 -4e-15  0e+00  2e-15  0e+00 -4e-15  0e+00  0e+00  0e+00  2e-15  0e+00  0e+00  0e+00  0e+00 -4e-15  0e+00  0e+00  4e-15  0e+00  0e+00  4e-15  4e-15  0e+00  0e+00  0e+00  0e+00  0e+00 -2e-15  0e+00  0e+00  0e+00  4e-15  0e+00  4e-15  0e+00 -2e-15  0e+00  0e+00  0e+00  0e+00
  0e+00  0e+00  0e+00 -2e-15  0e+00  0e+00  0e+00  2e-15  0e+00  2e-15  0e+00 -2e-15  0e+00  0e+00  2e-15 -2e-15  0e+00  2e-15 -2e-15  0e+00  0e+00  0e+00  2e-15  0e+00  0e+00  0e+00  0e+00  0e+00 -2e-15  0e+00  0e+00  0e+00  0e+00  2e-15  0e+00  0e+00  0e+00 -2e-15 -4e-15  0e+00  0e+00  0e+00  0e+00  0e+00 -2e-15  2e-15 -4e-15 -2e-15  2e-15  0e+00  0e+00 -2e-15  0e+00 -2e-15  2e-15  0e+00  0e+00  0e+00 -2e-15  0e+00  0e+00  0e+00  4e-15
  0e+00  0e+00  2e-15  0e+00  0e+00  2e-15 -2e-15  0e+00  4e-15  0e+00 -2e-15  0e+00  0e+00  2e-15 -2e-15  0e+00  0e+00  0e+00  0e+00  0e+00  2e-15  0e+00  2e-15  0e+00  0e+00 -2e-15  0e+00  0e+00  2e-15 -2e-15  0e+00 -2e-15  0e+00  0e+00  2e-15  2e-15 -4e-15  0e+00  0e+00  0e+00 -2e-15  2e-15  0e+00  2e-15  2e-15  0e+00  0e+00  2e-15 -2e-15  0e+00  0e+00  0e+00  0e+00  0e+00 -2e-15 -2e-15 -2e-15  0e+00 -2e-15  0e+00  0e+00  0e+00 -2e-15
  0e+00 -4e-15  0e+00  4e-15  0e+00  2e-15 -4e-15  0e+00  0e+00  0e+00  0e+00  0e+00  0e+00  0e+00  0e+00  0e+00  0e+00  0e+00  4e-15  0e+00  0e+00  4e-15 -4e-15  0e+00  0e+00  4e-15  0e+00  2e-15  0e+00  0e+00  0e+00 -4e-15 -4e-15  0e+00  4e-15  0e+00 -4e-15  4e-15  0e+00  0e+00  0e+00 -4e-15  0e+00  0e+00  0e+00  0e+00  0e+00 -4e-15  0e+00  0e+00  0e+00  0e+00  0e+00  2e-15  2e-15  0e+00  0e+00  0e+00  0e+00  0e+00  0e+00  2e-15  0e+00
  0e+00  0e+00  2e-15  0e+00  2e-15 -2e-15  0e+00  0e+00  2e-15  0e+00  0e+00  0e+00  0e+00  4e-15 -2e-15  0e+00  0e+00  0e+00  0e+00 -2e-15  0e+00  0e+00  0e+00  0e+00  0e+00  0e+00  0e+00  0e+00  0e+00  2e-15 -2e-15  0e+00  0e+00  0e+00  0e+00  2e-15  0e+00  0e+00  2e-15  0e+00  0e+00  0e+00  0e+00  0e+00  0e+00 -2e-15 -4e-15  2e-15  0e+00 -2e-15 -4e-15  0e+00 -2e-15  0e+00 -2e-15  2e-15  0e+00  0e+00  2e-15  0e+00  2e-15  0e+00 -4e-15
  0e+00  0e+00  0e+00  0e+00  0e+00  4e-15  0e+00  0e+00  0e+00  2e-15  0e+00  0e+00  0e+00 -4e-15  0e+00 -2e-15  2e-15  0e+00 -2e-15 -2e-15  0e+00  2e-15  0e+00  0e+00  0e+00  2e-15  2e-15  2e-15 -4e-15 -2e-15  2e-15 -2e-15  0e+00  2e-15  2e-15  0e+00  0e+00  0e+00  0e+00  0e+00  0e+00  2e-15  0e+00  0e+00  0e+00  2e-15  0e+00  0e+00  0e+00 -2e-15  0e+00 -2e-15  0e+00  0e+00  0e+00  0e+00 -2e-15  4e-15  0e+00  0e+00  4e-15  0e+00  0e+00
  0e+00  0e+00  0e+00  0e+00  0e+00  2e-15  0e+00 -2e-15  0e+00  0e+00  0e+00  0e+00  0e+00 -4e-15  0e+00  0e+00  0e+00  0e+00  0e+00 -2e-15  0e+00 -2e-15  0e+00  0e+00  0e+00  0e+00  0e+00  0e+00  0e+00  2e-15 -2e-15  2e-15  2e-15  0e+00 -2e-15  0e+00  0e+00 -2e-15  0e+00  0e+00  0e+00  0e+00  2e-15  0e+00  0e+00  2e-15 -2e-15  0e+00 -4e-15  2e-15  0e+00 -2e-15  0e+00 -2e-15  2e-15  0e+00  0e+00  2e-15 -2e-15  0e+00  0e+00  0e+00  0e+00
  0e+00  0e+00  0e+00  0e+00 -4e-15 -4e-15  0e+00 -4e-15  0e+00  0e+00  0e+00  0e+00  4e-15  0e+00  4e-15  0e+00  0e+00  4e-15  0e+00 -4e-15 -2e-15  0e+00  0e+00  0e+00  4e-15 -4e-15  0e+00  0e+00  0e+00  0e+00  0e+00  0e+00  0e+00  0e+00  0e+00  0e+00 -4e-15  4e-15  0e+00  0e+00  0e+00 -4e-15 -2e-15  0e+00  0e+00  0e+00  4e-15  0e+00  4e-15  0e+00  0e+00  0e+00  0e+00  2e-15  4e-15 -4e-15 -4e-15  0e+00  0e+00  0e+00  0e+00  2e-15  0e+00
  0e+00  0e+00 -2e-15  0e+00  0e+00  0e+00  0e+00  0e+00  0e+00  0e+00  0e+00  0e+00  0e+00  4e-15  0e+00  2e-15  0e+00  2e-15  0e+00  0e+00  0e+00  0e+00  0e+00  0e+00  4e-15  2e-15 -2e-15  0e+00  0e+00  0e+00  0e+00  2e-15  0e+00 -2e-15 -2e-15  0e+00  0e+00 -4e-15  0e+00  0e+00  0e+00 -2e-15  4e-15  2e-15  0e+00  0e+00 -2e-15  0e+00  0e+00  0e+00  0e+00  0e+00  0e+00  0e+00  4e-15  0e+00  0e+00 -4e-15  2e-15 -2e-15  0e+00  0e+00  0e+00
  0e+00  0e+00  4e-15  4e-15  0e+00  0e+00  0e+00  0e+00 -4e-15 -2e-15  0e+00  0e+00  0e+00  0e+00  2e-15 -4e-15  0e+00  0e+00  0e+00  0e+00  0e+00  0e+00  2e-15  0e+00  4e-15  0e+00  2e-15  0e+00  0e+00 -2e-15  0e+00  0e+00  0e+00  2e-15 -2e-15  0e+00  0e+00  4e-15 -2e-15  0e+00  0e+00  0e+00  0e+00 -5e-15 -2e-15  0e+00  0e+00  0e+00  0e+00 -2e-15  4e-15  0e+00 -2e-15  0e+00  0e+00  0e+00  0e+00  4e-15  2e-15  0e+00  0e+00  0e+00  0e+00
  0e+00  0e+00  2e-15  0e+00  0e+00  0e+00 -4e-15  0e+00  2e-15  0e+00  0e+00 -2e-15  0e+00  0e+00 -2e-15  0e+00  0e+00  0e+00  0e+00  0e+00  0e+00  0e+00  0e+00  0e+00  0e+00  0e+00  2e-15 -2e-15  0e+00  0e+00  2e-15  0e+00  0e+00  0e+00 -2e-15  0e+00 -2e-15  0e+00  0e+00  0e+00  0e+00  0e+00  0e+00  2e-15  2e-15  2e-15  0e+00  0e+00 -2e-15 -2e-15  0e+00  0e+00  0e+00  0e+00 -2e-15  0e+00 -2e-15  0e+00  0e+00  2e-15  0e+00  0e+00  0e+00
  0e+00  0e+00  0e+00  2e-15  0e+00  2e-15  0e+00  0e+00  0e+00  0e+00  0e+00 -4e-15  0e+00  0e+00  0e+00  0e+00  2e-15  2e-15  2e-15 -4e-15  2e-15 -2e-15  0e+00 -2e-15  4e-15 -2e-15  0e+00  0e+00  0e+00  0e+00  0e+00  0e+00 -2e-15  0e+00  2e-15  2e-15  0e+00  0e+00 -2e-15  0e+00  0e+00  0e+00  0e+00  0e+00  0e+00 -2e-15  2e-15 -2e-15  0e+00 -2e-15 -2e-15  2e-15  0e+00 -2e-15  0e+00  0e+00  2e-15  0e+00  0e+00 -2e-15  0e+00  0e+00  0e+00
  0e+00  0e+00  2e-15  0e+00  0e+00  0e+00  0e+00  0e+00  4e-15  4e-15  0e+00  0e+00 -4e-15 -4e-15  0e+00 -4e-15  0e+00  2e-15  2e-15  0e+00 -2e-15  0e+00  0e+00 -4e-15  0e+00  2e-15  0e+00  2e-15  0e+00  2e-15  0e+00  0e+00  0e+00  0e+00  2e-15  0e+00  0e+00  0e+00  0e+00 -2e-15  0e+00  4e-15  0e+00  0e+00  0e+00 -4e-15  0e+00  0e+00  0e+00  0e+00  0e+00 -2e-15  2e-15  0e+00 -4e-15  0e+00  2e-15  0e+00  0e+00  0e+00  4e-15  0e+00  0e+00
  0e+00  0e+00  0e+00  4e-15  0e+00  0e+00 -4e-15  4e-15  0e+00  0e+00 -4e-15  4e-15  0e+00  4e-15  0e+00  0e+00  0e+00  4e-15  0e+00  0e+00  2e-15  0e+00  0e+00  0e+00  0e+00 -4e-15  0e+00  0e+00  0e+00  0e+00  0e+00  0e+00  0e+00  0e+00  0e+00  0e+00 -4e-15  4e-15  0e+00  0e+00  0e+00 -4e-15  0e+00  0e+00  0e+00  0e+00  0e+00  0e+00  0e+00  0e+00  0e+00  0e+00  0e+00  0e+00 -4e-15  0e+00  0e+00  4e-15  0e+00  0e+00  0e+00  4e-15  4e-15
  0e+00  0e+00  0e+00  0e+00  0e+00  0e+00 -4e-15  0e+00  0e+00  0e+00  0e+00  0e+00  4e-15 -4e-15 -4e-15  4e-15  0e+00  4e-15  0e+00  0e+00  0e+00  0e+00  4e-15  0e+00  0e+00  0e+00  0e+00 -4e-15  0e+00  0e+00  0e+00  0e+00  0e+00 -4e-15  0e+00  0e+00  0e+00  0e+00  0e+00 -4e-15  0e+00  0e+00  0e+00  0e+00 -2e-15  0e+00 -4e-15 -4e-15  0e+00  4e-15 -2e-15  0e+00  0e+00 -4e-15  0e+00  0e+00  0e+00  0e+00  0e+00  0e+00  4e-15  0e+00 -4e-15
  0e+00  0e+00  4e-15  0e+00  0e+00  4e-15 -4e-15  0e+00  0e+00  0e+00  0e+00 -4e-15  0e+00 -4e-15  0e+00  4e-15  0e+00  4e-15 -4e-15  0e+00  0e+00  4e-15  0e+00  0e+00  0e+00  0e+00  0e+00  0e+00  0e+00  0e+00  0e+00  0e+00  0e+00  0e+00  4e-15  0e+00  0e+00  4e-15 -2e-15  0e+00  0e+00  0e+00  0e+00  0e+00  0e+00 -4e-15  2e-15  0e+00  0e+00  7e-15  0e+00  0e+00  4e-15  0e+00  0e+00 -4e-15 -4e-15  4e-15  0e+00  0e+00  0e+00 -4e-15  0e+00
  4e-15  0e+00  0e+00  2e-15  0e+00 -4e-15  0e+00 -4e-15  0e+00  0e+00  0e+00  4e-15  0e+00  0e+00 -2e-15  0e+00 -2e-15  0e+00  0e+00  0e+00 -4e-15  0e+00  0e+00 -4e-15  0e+00  0e+00  0e+00  0e+00  0e+00  0e+00  0e+00 -4e-15  0e+00  0e+00  0e+00  2e-15  0e+00  4e-15 -2e-15  0e+00  0e+00  0e+00  0e+00  0e+00  2e-15  2e-15  0e+00  0e+00  4e-15 -4e-15  0e+00 -4e-15 -2e-15  0e+00  0e+00  4e-15  0e+00  0e+00  0e+00  0e+00 -4e-15  0e+00  4e-15
  0e+00  0e+00  0e+00  0e+00 -4e-15  0e+00  0e+00  0e+00  0e+00  0e+00  4e-15  0e+00  0e+00  0e+00  4e-15  0e+00  0e+00 -4e-15  0e+00 -2e-15  0e+00  0e+00  4e-15 -4e-15  7e-15  0e+00  0e+00  0e+00  0e+00 -2e-15  0e+00  0e+00  0e+00  0e+00  0e+00 -2e-15  0e+00 -4e-15  0e+00  4e-15  0e+00  0e+00  0e+00  0e+00 -2e-15  0e+00  0e+00  0e+00  0e+00  0e+00 -4e-15  0e+00 -2e-15  0e+00  0e+00  0e+00  0e+00  0e+00  0e+00  0e+00  0e+00  0e+00  0e+00
 -2e-15  0e+00  0e+00 -2e-15  4e-15  2e-15  0e+00  0e+00  0e+00  0e+00  2e-15  0e+00  0e+00  0e+00  0e+00  0e+00 -2e-15  0e+00  2e-15 -2e-15  2e-15  2e-15  0e+00  0e+00  0e+00  2e-15  0e+00  4e-15  0e+00  2e-15 -2e-15  0e+00  2e-15 -2e-15  2e-15  0e+00  0e+00  0e+00  0e+00  0e+00  0e+00  0e+00  4e-15  0e+00 -2e-15  0e+00 -4e-15  0e+00  2e-15  2e-15  0e+00  0e+00  0e+00  0e+00  0e+00  0e+00 -2e-15 -2e-15  0e+00  2e-15 -4e-15  2e-15  0e+00
  0e+00  2e-15  0e+00  0e+00  0e+00  0e+00  0e+00  0e+00  0e+00  0e+00 -2e-15  0e+00  0e+00  0e+00  0e+00  0e+00  2e-15  0e+00  0e+00  0e+00 -2e-15  0e+00 -2e-15  0e+00 -4e-15 -2e-15  4e-15  0e+00  0e+00  2e-15 -4e-15  0e+00  2e-15  0e+00  0e+00  0e+00  2e-15  0e+00  0e+00  0e+00  2e-15  2e-15  2e-15 -2e-15  0e+00  0e+00  0e+00  0e+00  0e+00  0e+00 -2e-15  0e+00  2e-15  0e+00  0e+00  2e-15  0e+00  0e+00  0e+00  0e+00  0e+00 -2e-15  0e+00
 -2e-15 -4e-15  0e+00  2e-15  0e+00  0e+00  0e+00  0e+00  2e-15  0e+00  0e+00  0e+00  0e+00  0e+00  2e-15  0e+00  0e+00  0e+00 -2e-15  0e+00  0e+00  0e+00  0e+00 -2e-15  0e+00 -4e-15  0e+00 -4e-15  0e+00 -2e-15 -2e-15  0e+00  0e+00  2e-15  0e+00  0e+00  0e+00  0e+00  2e-15  0e+00  0e+00  2e-15 -2e-15  0e+00  0e+00 -2e-15  0e+00  0e+00  0e+00  0e+00  0e+00  0e+00  0e+00 -2e-15  0e+00 -4e-15  0e+00  4e-15  0e+00  0e+00  0e+00  0e+00  0e+00
  4e-15  0e+00  0e+00  0e+00  0e+00  0e+00  0e+00  0e+00  0e+00  0e+00  0e+00  0e+00  0e+00  0e+00 -4e-15  0e+00  2e-15  0e+00  0e+00 -2e-15  4e-15  2e-15  0e+00  0e+00 -4e-15  0e+00  0e+00  0e+00  0e+00 -2e-15  0e+00  0e+00  0e+00  0e+00  0e+00  0e+00 -4e-15  4e-15  2e-15  0e+00  0e+00  4e-15  0e+00  0e+00  0e+00  0e+00  0e+00  2e-15  0e+00  0e+00 -2e-15  0e+00  0e+00 -2e-15  0e+00  0e+00 -4e-15  0e+00  0e+00  2e-15 -4e-15 -2e-15  0e+00
  0e+00  0e+00  0e+00  0e+00  0e+00  0e+00  0e+00  2e-15  0e+00  4e-15  0e+00  0e+00  4e-15  0e+00  0e+00  4e-15  0e+00  0e+00 -2e-15  2e-15  0e+00 -2e-15  0e+00  0e+00 -4e-15 -4e-15  0e+00  0e+00  0e+00 -2e-15  0e+00  0e+00  0e+00 -2e-15  2e-15  0e+00  0e+00  0e+00  0e+00  2e-15 -2e-15  0e+00  7e-15  0e+00  0e+00 -2e-15  0e+00 -2e-15  0e+00  0e+00  0e+00  0e+00  0e+00  0e+00  0e+00  0e+00  4e-15  0e+00  0e+00  0e+00  0e+00  0e+00  0e+00
  0e+00  0e+00  0e+00  0e+00  0e+00  0e+00  0e+00  0e+00  0e+00  0e+00  0e+00  2e-15  0e+00  0e+00  0e+00  4e-15 -2e-15  0e+00  0e+00 -4e-15  0e+00  0e+00 -2e-15  2e-15  0e+00  0e+00 -2e-15 -2e-15  0e+00  0e+00  0e+00  0e+00  0e+00  0e+00  0e+00  0e+00  0e+00  2e-15  0e+00  0e+00  0e+00  2e-15  0e+00  0e+00  0e+00  0e+00 -2e-15  2e-15  0e+00  0e+00  2e-15  0e+00  0e+00  0e+00  0e+00 -2e-15  0e+00 -2e-15  0e+00 -2e-15  0e+00  0e+00  4e-15
  2e-15  0e+00  0e+00 -2e-15  0e+00  0e+00  0e+00  0e+00  0e+00 -4e-15  2e-15  4e-15  0e+00  0e+00  4e-15  0e+00  2e-15  0e+00 -2e-15  0e+00  0e+00  0e+00 -2e-15  0e+00  0e+00  0e+00  2e-15  2e-15  0e+00 -2e-15  0e+00 -2e-15  0e+00  0e+00  0e+00  0e+00  0e+00 -4e-15 -2e-15  0e+00 -2e-15  2e-15 -2e-15 -4e-15  2e-15  0e+00 -4e-15  0e+00  4e-15  0e+00  0e+00  2e-15 -2e-15  2e-15  0e+00  0e+00  0e+00  0e+00  0e+00  0e+00  0e+00  0e+00  0e+00
  0e+00  0e+00  0e+00  2e-15 -2e-15  0e+00  4e-15  0e+00  0e+00  0e+00  0e+00  0e+00  0e+00  0e+00  2e-15  0e+00  0e+00  0e+00  0e+00  2e-15 -2e-15  0e+00 -2e-15  0e+00  0e+00  2e-15 -2e-15  0e+00  0e+00  0e+00 -2e-15 -2e-15  2e-15  0e+00  0e+00  2e-15  2e-15  0e+00  0e+00  0e+00  0e+00  0e+00  0e+00  2e-15  0e+00  2e-15  2e-15  0e+00  0e+00  0e+00  0e+00  0e+00  0e+00  0e+00  0e+00 -4e-15  0e+00  2e-15  2e-15  0e+00  0e+00  2e-15  0e+00
 -2e+01 -2e+01 -2e+01 -2e+01 -2e+01 -2e+01 -2e+01 -2e+01 -2e+01 -2e+01 -2e+01 -2e+01 -2e+01 -2e+01 -2e+01 -2e+01 -2e+01 -2e+01 -2e+01 -2e+01 -2e+01 -2e+01 -2e+01 -2e+01 -2e+01 -2e+01 -2e+01 -2e+01 -2e+01 -2e+01 -2e+01 -2e+01 -2e+01 -2e+01 -2e+01 -2e+01 -2e+01 -2e+01 -2e+01 -2e+01 -2e+01 -2e+01 -2e+01 -2e+01 -2e+01 -2e+01 -1e+01 -2e+01 -2e+01 -2e+01 -2e+01 -2e+01 -2e+01 -2e+01 -2e+01 -2e+01 -2e+01 -2e+01 -2e+01 -2e+01 -2e+01 -1e+01 -2e+01
 -2e+01 -2e+01 -2e+01 -2e+01 -2e+01 -2e+01 -2e+01 -2e+01 -2e+01 -2e+01 -2e+01 -2e+01 -2e+01 -2e+01 -1e+01 -2e+01 -1e+01 -1e+01 -1e+01 -1e+01 -1e+01 -2e+01 -2e+01 -2e+01 -2e+01 -2e+01 -2e+01 -1e+01 -2e+01 -1e+01 -2e+01 -2e+01 -2e+01 -1e+01 -1e+01 -1e+01 -2e+01 -2e+01 -1e+01 -2e+01 -2e+01 -2e+01 -1e+01 -1e+01 -2e+01 -2e+01 -1e+01 -1e+01 -2e+01 -2e+01 -1e+01 -2e+01 -1e+01 -1e+01 -2e+01 -2e+01 -2e+01 -1e+01 -1e+01 -1e+01 -2e+01 -1e+01 -2e+01
 -2e+01 -2e+01 -2e+01 -2e+01 -2e+01 -2e+01 -2e+01 -2e+01 -2e+01 -2e+01 -2e+01 -2e+01 -2e+01 -2e+01 -2e+01 -2e+01 -2e+01 -2e+01 -2e+01 -2e+01 -2e+01 -2e+01 -2e+01 -2e+01 -2e+01 -2e+01 -2e+01 -2e+01 -2e+01 -2e+01 -2e+01 -2e+01 -2e+01 -2e+01 -2e+01 -2e+01 -2e+01 -2e+01 -2e+01 -2e+01 -2e+01 -2e+01 -2e+01 -2e+01 -2e+01 -2e+01 -2e+01 -2e+01 -2e+01 -2e+01 -2e+01 -2e+01 -2e+01 -2e+01 -2e+01 -2e+01 -2e+01 -2e+01 -2e+01 -2e+01 -2e+01 -1e+01 -2e+01
 -2e+01 -2e+01 -1e+01 -2e+01 -2e+01 -1e+01 -2e+01 -2e+01 -2e+01 -2e+01 -2e+01 -2e+01 -2e+01 -2e+01 -2e+01 -2e+01 -1e+01 -2e+01 -2e+01 -1e+01 -1e+01 -1e+01 -2e+01 -2e+01 -2e+01 -2e+01 -2e+01 -2e+01 -2e+01 -2e+01 -2e+01 -2e+01 -2e+01 -1e+01 -2e+01 -2e+01 -1e+01 -2e+01 -1e+01 -1e+01 -2e+01 -2e+01 -1e+01 -2e+01 -1e+01 -1e+01 -1e+01 -1e+01 -2e+01 -2e+01 -1e+01 -2e+01 -2e+01 -1e+01 -2e+01 -2e+01 -2e+01 -2e+01 -2e+01 -1e+01 -2e+01 -1e+01 -2e+01
 -1e+01 -2e+01 -1e+01 -2e+01 -2e+01 -1e+01 -1e+01 -1e+01 -1e+01 -2e+01 -1e+01 -2e+01 -2e+01 -2e+01 -1e+01 -1e+01 -1e+01 -1e+01 -1e+01 -1e+01 -1e+01 -1e+01 -1e+01 -1e+01 -2e+01 -2e+01 -1e+01 -1e+01 -2e+01 -1e+01 -1e+01 -1e+01 -1e+01 -1e+01 -1e+01 -1e+01 -1e+01 -2e+01 -1e+01 -1e+01 -1e+01 -1e+01 -1e+01 -1e+01 -1e+01 -1e+01 -1e+01 -1e+01 -1e+01 -1e+01 -1e+01 -1e+01 -1e+01 -1e+01 -1e+01 -2e+01 -1e+01 -1e+01 -1e+01 -1e+01 -1e+01 -1e+01 -2e+01
 -1e+01 -2e+01 -2e+01 -2e+01 -2e+01 -2e+01 -2e+01 -2e+01 -2e+01 -2e+01 -2e+01 -2e+01 -2e+01 -2e+01 -1e+01 -2e+01 -1e+01 -2e+01 -2e+01 -1e+01 -2e+01 -1e+01 -2e+01 -2e+01 -2e+01 -2e+01 -2e+01 -1e+01 -2e+01 -1e+01 -2e+01 -2e+01 -2e+01 -1e+01 -2e+01 -2e+01 -1e+01 -2e+01 -1e+01 -2e+01 -1e+01 -2e+01 -1e+01 -1e+01 -2e+01 -2e+01 -2e+01 -1e+01 -2e+01 -2e+01 -2e+01 -2e+01 -1e+01 -1e+01 -2e+01 -2e+01 -2e+01 -2e+01 -2e+01 -1e+01 -2e+01 -1e+01 -2e+01
 -1e+01 -2e+01 -1e+01 -1e+01 -1e+01 -1e+01 -2e+01 -1e+01 -1e+01 -2e+01 -1e+01 -1e+01 -2e+01 -1e+01 -1e+01 -1e+01 -1e+01 -1e+01 -1e+01 -1e+01 -1e+01 -1e+01 -1e+01 -1e+01 -1e+01 -1e+01 -1e+01 -1e+01 -2e+01 -1e+01 -1e+01 -1e+01 -1e+01 -1e+01 -1e+01 -1e+01 -1e+01 -2e+01 -1e+01 -1e+01 -1e+01 -1e+01 -1e+01 -1e+01 -1e+01 -1e+01 -1e+01 -1e+01 -1e+01 -1e+01 -1e+01 -1e+01 -1e+01 -1e+01 -1e+01 -2e+01 -2e+01 -1e+01 -2e+01 -1e+01 -1e+01 -1e+01 -2e+01
